0 
1 221
1 216
2 167 296
0 
0 
1 0
0 
0 
0 
1 234
1 36
1 180
1 33
1 179
1 65
2 116 75
2 168 110
1 54
2 34 108
1 85
1 275
3 87 99 103
1 41
2 184 164
1 249
1 212
2 88 80
1 72
1 4
1 8
1 7
1 294
1 148
2 134 162
1 259
1 159
2 286 246
2 299 203
1 24
1 133
1 210
1 62
1 161
1 127
1 13
1 260
1 276
1 136
1 220
1 92
1 95
1 58
1 137
1 290
1 227
1 193
1 15
1 218
1 273
1 150
1 285
2 225 107
1 74
1 144
1 56
1 105
1 18
1 171
1 187
1 263
1 38
1 63
1 125
1 156
1 261
1 60
1 200
1 57
1 19
1 198
1 213
1 267
1 44
1 129
1 79
1 245
1 226
1 21
1 113
1 224
1 91
1 232
1 166
1 96
1 188
1 39
1 53
1 277
1 281